# Blender v2.93.1 OBJ File: 'iron_ore.blend'
# www.blender.org
mtllib iron_ore.mtl
o Cube
v 1.134954 1.521077 -0.633976
v 1.679216 -0.403442 -0.631513
v 0.520150 1.349634 1.261446
v 1.064411 -0.574885 1.263908
v -0.688722 1.004518 -1.272233
v -0.144460 -0.920001 -1.269770
v -1.303527 0.833074 0.623189
v -0.759265 -1.091445 0.625651
vt 0.875000 0.500000
vt 0.625000 0.750000
vt 0.625000 0.500000
vt 0.375000 1.000000
vt 0.375000 0.750000
vt 0.625000 0.000000
vt 0.375000 0.250000
vt 0.375000 0.000000
vt 0.375000 0.500000
vt 0.125000 0.750000
vt 0.125000 0.500000
vt 0.625000 0.250000
vt 0.875000 0.750000
vt 0.625000 1.000000
vn -0.2721 0.9623 -0.0012
vn -0.3074 -0.0857 0.9477
vn -0.9118 -0.2583 -0.3191
vn 0.2721 -0.9623 0.0012
vn 0.9118 0.2583 0.3191
vn 0.3074 0.0857 -0.9477
usemtl Material
s off
f 5/1/1 3/2/1 1/3/1
f 3/2/2 8/4/2 4/5/2
f 7/6/3 6/7/3 8/8/3
f 2/9/4 8/10/4 6/11/4
f 1/3/5 4/5/5 2/9/5
f 5/12/6 2/9/6 6/7/6
f 5/1/1 7/13/1 3/2/1
f 3/2/2 7/14/2 8/4/2
f 7/6/3 5/12/3 6/7/3
f 2/9/4 4/5/4 8/10/4
f 1/3/5 3/2/5 4/5/5
f 5/12/6 1/3/6 2/9/6
o Cube.001
v -0.223166 1.133924 0.468674
v -0.421981 0.478611 0.672980
v 0.136078 1.215836 1.080995
v -0.062737 0.560522 1.285301
v -0.808076 1.406979 0.775309
v -1.006891 0.751666 0.979615
v -0.448832 1.488890 1.387631
v -0.647647 0.833577 1.591937
vt 0.875000 0.500000
vt 0.625000 0.750000
vt 0.625000 0.500000
vt 0.375000 1.000000
vt 0.375000 0.750000
vt 0.625000 0.000000
vt 0.375000 0.250000
vt 0.375000 0.000000
vt 0.375000 0.500000
vt 0.125000 0.750000
vt 0.125000 0.500000
vt 0.625000 0.250000
vt 0.875000 0.750000
vt 0.625000 1.000000
vn 0.2782 0.9170 -0.2859
vn 0.5027 0.1146 0.8568
vn -0.8185 0.3821 0.4291
vn -0.2782 -0.9170 0.2859
vn 0.8185 -0.3821 -0.4291
vn -0.5027 -0.1146 -0.8568
usemtl Material.001
s off
f 13/15/7 11/16/7 9/17/7
f 11/16/8 16/18/8 12/19/8
f 15/20/9 14/21/9 16/22/9
f 10/23/10 16/24/10 14/25/10
f 9/17/11 12/19/11 10/23/11
f 13/26/12 10/23/12 14/21/12
f 13/15/7 15/27/7 11/16/7
f 11/16/8 15/28/8 16/18/8
f 15/20/9 13/26/9 14/21/9
f 10/23/10 12/19/10 16/24/10
f 9/17/11 11/16/11 12/19/11
f 13/26/12 9/17/12 10/23/12
o Cube.002
v 1.500637 1.531819 -0.224048
v 1.444990 0.315680 -0.016150
v 1.820163 1.718623 0.954222
v 1.764517 0.502483 1.162120
v 0.308949 1.638695 0.082173
v 0.253303 0.422556 0.290071
v 0.628476 1.825499 1.260443
v 0.572829 0.609359 1.468341
vt 0.875000 0.500000
vt 0.625000 0.750000
vt 0.625000 0.500000
vt 0.375000 1.000000
vt 0.375000 0.750000
vt 0.625000 0.000000
vt 0.375000 0.250000
vt 0.375000 0.000000
vt 0.375000 0.500000
vt 0.125000 0.750000
vt 0.125000 0.500000
vt 0.625000 0.250000
vt 0.875000 0.750000
vt 0.625000 1.000000
vn 0.0451 0.9847 -0.1683
vn 0.2587 0.1513 0.9540
vn -0.9649 0.0865 0.2479
vn -0.0451 -0.9847 0.1683
vn 0.9649 -0.0865 -0.2479
vn -0.2587 -0.1513 -0.9540
usemtl Material.002
s off
f 21/29/13 19/30/13 17/31/13
f 19/30/14 24/32/14 20/33/14
f 23/34/15 22/35/15 24/36/15
f 18/37/16 24/38/16 22/39/16
f 17/31/17 20/33/17 18/37/17
f 21/40/18 18/37/18 22/35/18
f 21/29/13 23/41/13 19/30/13
f 19/30/14 23/42/14 24/32/14
f 23/34/15 21/40/15 22/35/15
f 18/37/16 20/33/16 24/38/16
f 17/31/17 19/30/17 20/33/17
f 21/40/18 17/31/18 18/37/18
o Cube.003
v -0.102366 0.849690 -1.389616
v -0.102390 -0.219581 -1.403270
v -0.103212 0.836036 -0.320345
v -0.103236 -0.233235 -0.333999
v -1.171724 0.849724 -1.390461
v -1.171748 -0.219546 -1.404115
v -1.172570 0.836070 -0.321190
v -1.172593 -0.233200 -0.334844
vt 0.875000 0.500000
vt 0.625000 0.750000
vt 0.625000 0.500000
vt 0.375000 1.000000
vt 0.375000 0.750000
vt 0.625000 0.000000
vt 0.375000 0.250000
vt 0.375000 0.000000
vt 0.375000 0.500000
vt 0.125000 0.750000
vt 0.125000 0.500000
vt 0.625000 0.250000
vt 0.875000 0.750000
vt 0.625000 1.000000
vn 0.0000 0.9999 0.0128
vn -0.0008 -0.0128 0.9999
vn -1.0000 0.0000 -0.0008
vn -0.0000 -0.9999 -0.0128
vn 1.0000 -0.0000 0.0008
vn 0.0008 0.0128 -0.9999
usemtl Material.003
s off
f 29/43/19 27/44/19 25/45/19
f 27/44/20 32/46/20 28/47/20
f 31/48/21 30/49/21 32/50/21
f 26/51/22 32/52/22 30/53/22
f 25/45/23 28/47/23 26/51/23
f 29/54/24 26/51/24 30/49/24
f 29/43/19 31/55/19 27/44/19
f 27/44/20 31/56/20 32/46/20
f 31/48/21 29/54/21 30/49/21
f 26/51/22 28/47/22 32/52/22
f 25/45/23 27/44/23 28/47/23
f 29/54/24 25/45/24 26/51/24
o Cube.004
v -0.645227 1.251657 0.009305
v -0.039328 1.300716 0.749455
v -0.064884 0.625094 -0.424243
v 0.541015 0.674153 0.315907
v -0.183241 1.974398 -0.416789
v 0.422658 2.023457 0.323361
v 0.397102 1.347836 -0.850337
v 1.003001 1.396895 -0.110187
vt 0.875000 0.500000
vt 0.625000 0.750000
vt 0.625000 0.500000
vt 0.375000 1.000000
vt 0.375000 0.750000
vt 0.625000 0.000000
vt 0.375000 0.250000
vt 0.375000 0.000000
vt 0.375000 0.500000
vt 0.125000 0.750000
vt 0.125000 0.500000
vt 0.625000 0.250000
vt 0.875000 0.750000
vt 0.625000 1.000000
vn -0.6326 -0.0512 -0.7728
vn 0.6059 -0.6542 -0.4527
vn 0.4824 0.7546 -0.4449
vn 0.6326 0.0512 0.7728
vn -0.4824 -0.7546 0.4449
vn -0.6059 0.6542 0.4527
usemtl Material.004
s off
f 37/57/25 35/58/25 33/59/25
f 35/58/26 40/60/26 36/61/26
f 39/62/27 38/63/27 40/64/27
f 34/65/28 40/66/28 38/67/28
f 33/59/29 36/61/29 34/65/29
f 37/68/30 34/65/30 38/63/30
f 37/57/25 39/69/25 35/58/25
f 35/58/26 39/70/26 40/60/26
f 39/62/27 37/68/27 38/63/27
f 34/65/28 36/61/28 40/66/28
f 33/59/29 35/58/29 36/61/29
f 37/68/30 33/59/30 34/65/30
o Cube.005
v 1.689666 1.938084 0.090234
v 1.512582 1.258247 0.181271
v 2.084973 1.913766 0.677572
v 1.910727 1.232928 0.766659
v 1.129131 2.135708 0.475683
v 0.952047 1.455871 0.566721
v 1.524438 2.111390 1.063022
v 1.344517 1.432552 1.156011
v 1.627622 1.332740 0.961335
vt 0.875000 0.500000
vt 0.625000 0.750000
vt 0.625000 0.500000
vt 0.625000 1.000000
vt 0.375000 1.000000
vt 0.375000 0.875000
vt 0.625000 0.000000
vt 0.375000 0.250000
vt 0.375000 0.000000
vt 0.375000 0.500000
vt 0.375000 0.750000
vt 0.250000 0.750000
vt 0.625000 0.250000
vt 0.875000 0.750000
vt 0.125000 0.750000
vt 0.125000 0.500000
vn 0.2500 0.9597 -0.1285
vn 0.5580 -0.0343 0.8291
vn -0.7928 0.2840 0.5393
vn -0.2500 -0.9597 0.1285
vn 0.7897 -0.2739 -0.5489
vn -0.5580 0.0343 -0.8291
vn -0.7913 0.2790 0.5441
vn 0.7913 -0.2790 -0.5441
usemtl Material.005
s off
f 45/71/31 43/72/31 41/73/31
f 47/74/32 48/75/32 49/76/32
f 47/77/33 46/78/33 48/79/33
f 42/80/34 44/81/34 49/82/34
f 42/80/35 43/72/35 44/81/35
f 45/83/36 42/80/36 46/78/36
f 45/71/31 47/84/31 43/72/31
f 49/76/32 44/81/32 43/72/32
f 43/72/32 47/74/32 49/76/32
f 47/77/37 45/83/37 46/78/37
f 48/85/34 46/86/34 49/82/34
f 46/86/34 42/80/34 49/82/34
f 42/80/38 41/73/38 43/72/38
f 45/83/36 41/73/36 42/80/36
