# Blender v2.93.1 OBJ File: 'rock_ore.blend'
# www.blender.org
mtllib rock_ore.mtl
o Cube
v 0.403056 0.149251 0.166011
v 0.380541 -0.208792 0.201885
v 0.445748 0.182283 0.522487
v 0.423233 -0.175760 0.558361
v 0.045762 0.175760 0.206345
v 0.023247 -0.182283 0.242218
v 0.088454 0.208792 0.562821
v 0.065939 -0.149251 0.598694
vt 0.875000 0.500000
vt 0.625000 0.750000
vt 0.625000 0.500000
vt 0.375000 1.000000
vt 0.375000 0.750000
vt 0.625000 0.000000
vt 0.375000 0.250000
vt 0.375000 0.000000
vt 0.375000 0.500000
vt 0.125000 0.750000
vt 0.125000 0.500000
vt 0.625000 0.250000
vt 0.875000 0.750000
vt 0.625000 1.000000
vn 0.0624 0.9931 -0.0995
vn 0.1184 0.0916 0.9887
vn -0.9910 0.0735 0.1119
vn -0.0624 -0.9931 0.0995
vn 0.9910 -0.0735 -0.1119
vn -0.1184 -0.0916 -0.9887
usemtl Material
s off
f 5/1/1 3/2/1 1/3/1
f 3/2/2 8/4/2 4/5/2
f 7/6/3 6/7/3 8/8/3
f 2/9/4 8/10/4 6/11/4
f 1/3/5 4/5/5 2/9/5
f 5/12/6 2/9/6 6/7/6
f 5/1/1 7/13/1 3/2/1
f 3/2/2 7/14/2 8/4/2
f 7/6/3 5/12/3 6/7/3
f 2/9/4 4/5/4 8/10/4
f 1/3/5 3/2/5 4/5/5
f 5/12/6 1/3/6 2/9/6
o Cube.001
v 1.080060 0.258242 0.192334
v 1.216256 -0.034603 0.082618
v 0.937564 0.093603 0.454886
v 1.073760 -0.199242 0.345170
v 0.801689 0.199242 0.004255
v 0.937885 -0.093603 -0.105461
v 0.659193 0.034603 0.266808
v 0.795389 -0.258242 0.157091
vt 0.875000 0.500000
vt 0.625000 0.750000
vt 0.625000 0.500000
vt 0.375000 1.000000
vt 0.375000 0.750000
vt 0.625000 0.000000
vt 0.375000 0.250000
vt 0.375000 0.000000
vt 0.375000 0.500000
vt 0.125000 0.750000
vt 0.125000 0.500000
vt 0.625000 0.250000
vt 0.875000 0.750000
vt 0.625000 1.000000
vn -0.3993 0.8585 0.3217
vn -0.4178 -0.4827 0.7697
vn -0.8161 -0.1730 -0.5514
vn 0.3993 -0.8585 -0.3217
vn 0.8161 0.1730 0.5514
vn 0.4178 0.4827 -0.7697
usemtl Material.001
s off
f 13/15/7 11/16/7 9/17/7
f 11/16/8 16/18/8 12/19/8
f 15/20/9 14/21/9 16/22/9
f 10/23/10 16/24/10 14/25/10
f 9/17/11 12/19/11 10/23/11
f 13/26/12 10/23/12 14/21/12
f 13/15/7 15/27/7 11/16/7
f 11/16/8 15/28/8 16/18/8
f 15/20/9 13/26/9 14/21/9
f 10/23/10 12/19/10 16/24/10
f 9/17/11 11/16/11 12/19/11
f 13/26/12 9/17/12 10/23/12
o Cube.003
v 0.199716 0.009909 0.932784
v 0.124268 -0.352738 1.165608
v 0.464272 0.157519 1.248433
v 0.388824 -0.205129 1.481256
v -0.140476 0.205129 1.126618
v -0.215924 -0.157519 1.359442
v 0.124080 0.352738 1.442267
v 0.048632 -0.009909 1.675090
vt 0.875000 0.500000
vt 0.625000 0.750000
vt 0.625000 0.500000
vt 0.375000 1.000000
vt 0.375000 0.750000
vt 0.625000 0.000000
vt 0.375000 0.250000
vt 0.375000 0.000000
vt 0.375000 0.500000
vt 0.125000 0.750000
vt 0.125000 0.500000
vt 0.625000 0.250000
vt 0.875000 0.750000
vt 0.625000 1.000000
vn 0.1724 0.8289 -0.5322
vn 0.6047 0.3374 0.7215
vn -0.7776 0.4462 0.4430
vn -0.1724 -0.8289 0.5322
vn 0.7776 -0.4462 -0.4430
vn -0.6047 -0.3374 -0.7215
usemtl Material.003
s off
f 21/29/13 19/30/13 17/31/13
f 19/30/14 24/32/14 20/33/14
f 23/34/15 22/35/15 24/36/15
f 18/37/16 24/38/16 22/39/16
f 17/31/17 20/33/17 18/37/17
f 21/40/18 18/37/18 22/35/18
f 21/29/13 23/41/13 19/30/13
f 19/30/14 23/42/14 24/32/14
f 23/34/15 21/40/15 22/35/15
f 18/37/16 20/33/16 24/38/16
f 17/31/17 19/30/17 20/33/17
f 21/40/18 17/31/18 18/37/18
o Cube.002
v 0.842628 -0.068954 0.826349
v 0.825695 -0.220933 1.045935
v 1.082538 0.019035 0.905747
v 1.065605 -0.132945 1.125333
v 0.725328 0.132945 0.957041
v 0.708395 -0.019035 1.176628
v 0.965238 0.220933 1.036439
v 0.948305 0.068954 1.256026
vt 0.875000 0.500000
vt 0.625000 0.750000
vt 0.625000 0.500000
vt 0.375000 1.000000
vt 0.375000 0.750000
vt 0.625000 0.000000
vt 0.375000 0.250000
vt 0.375000 0.000000
vt 0.375000 0.500000
vt 0.125000 0.750000
vt 0.125000 0.500000
vt 0.625000 0.250000
vt 0.875000 0.750000
vt 0.625000 1.000000
vn 0.0633 0.5680 -0.8206
vn 0.8966 0.3288 0.2967
vn -0.4384 0.7545 0.4884
vn -0.0633 -0.5680 0.8206
vn 0.4384 -0.7545 -0.4884
vn -0.8966 -0.3288 -0.2967
usemtl Material.002
s off
f 29/43/19 27/44/19 25/45/19
f 27/44/20 32/46/20 28/47/20
f 31/48/21 30/49/21 32/50/21
f 26/51/22 32/52/22 30/53/22
f 25/45/23 28/47/23 26/51/23
f 29/54/24 26/51/24 30/49/24
f 29/43/19 31/55/19 27/44/19
f 27/44/20 31/56/20 32/46/20
f 31/48/21 29/54/21 30/49/21
f 26/51/22 28/47/22 32/52/22
f 25/45/23 27/44/23 28/47/23
f 29/54/24 25/45/24 26/51/24
o Cube.007
v -1.120222 -0.089659 0.063811
v -1.142019 -0.286591 0.348904
v -0.808776 0.024402 0.166413
v -0.830573 -0.172530 0.451505
v -1.272083 0.172530 0.233312
v -1.293880 -0.024402 0.518405
v -0.960637 0.286591 0.335913
v -0.982434 0.089659 0.621006
vt 0.875000 0.500000
vt 0.625000 0.750000
vt 0.625000 0.500000
vt 0.375000 1.000000
vt 0.375000 0.750000
vt 0.625000 0.000000
vt 0.375000 0.250000
vt 0.375000 0.000000
vt 0.375000 0.500000
vt 0.125000 0.750000
vt 0.125000 0.500000
vt 0.625000 0.250000
vt 0.875000 0.750000
vt 0.625000 1.000000
vn 0.0628 0.5672 -0.8212
vn 0.8971 0.3285 0.2955
vn -0.4374 0.7552 0.4882
vn -0.0628 -0.5672 0.8212
vn 0.4374 -0.7552 -0.4882
vn -0.8971 -0.3285 -0.2955
usemtl Material.007
s off
f 37/57/25 35/58/25 33/59/25
f 35/58/26 40/60/26 36/61/26
f 39/62/27 38/63/27 40/64/27
f 34/65/28 40/66/28 38/67/28
f 33/59/29 36/61/29 34/65/29
f 37/68/30 34/65/30 38/63/30
f 37/57/25 39/69/25 35/58/25
f 35/58/26 39/70/26 40/60/26
f 39/62/27 37/68/27 38/63/27
f 34/65/28 36/61/28 40/66/28
f 33/59/29 35/58/29 36/61/29
f 37/68/30 33/59/30 34/65/30
o Cube.006
v -0.195660 -0.044096 0.013106
v -0.261578 -0.365244 0.302815
v 0.128580 0.113159 0.261201
v 0.062663 -0.207989 0.550910
v -0.481904 0.207989 0.227420
v -0.547821 -0.113159 0.517128
v -0.157664 0.365244 0.475515
v -0.223581 0.044096 0.765223
vt 0.875000 0.500000
vt 0.625000 0.750000
vt 0.625000 0.500000
vt 0.375000 1.000000
vt 0.375000 0.750000
vt 0.625000 0.000000
vt 0.375000 0.250000
vt 0.375000 0.000000
vt 0.375000 0.500000
vt 0.125000 0.750000
vt 0.125000 0.500000
vt 0.625000 0.250000
vt 0.875000 0.750000
vt 0.625000 1.000000
vn 0.1507 0.7340 -0.6622
vn 0.7411 0.3594 0.5671
vn -0.6543 0.5762 0.4899
vn -0.1507 -0.7340 0.6622
vn 0.6543 -0.5762 -0.4899
vn -0.7411 -0.3594 -0.5671
usemtl Material.006
s off
f 45/71/31 43/72/31 41/73/31
f 43/72/32 48/74/32 44/75/32
f 47/76/33 46/77/33 48/78/33
f 42/79/34 48/80/34 46/81/34
f 41/73/35 44/75/35 42/79/35
f 45/82/36 42/79/36 46/77/36
f 45/71/31 47/83/31 43/72/31
f 43/72/32 47/84/32 48/74/32
f 47/76/33 45/82/33 46/77/33
f 42/79/34 44/75/34 48/80/34
f 41/73/35 43/72/35 44/75/35
f 45/82/36 41/73/36 42/79/36
o Cube.005
v -0.313031 0.332173 1.179242
v -0.021940 0.044702 1.024198
v -0.531869 0.006338 1.372515
v -0.240777 -0.281132 1.217470
v -0.555494 0.281132 0.818661
v -0.264402 -0.006338 0.663616
v -0.774331 -0.044702 1.011933
v -0.483240 -0.332173 0.856889
vt 0.875000 0.500000
vt 0.625000 0.750000
vt 0.625000 0.500000
vt 0.375000 1.000000
vt 0.375000 0.750000
vt 0.625000 0.000000
vt 0.375000 0.250000
vt 0.375000 0.000000
vt 0.375000 0.500000
vt 0.125000 0.750000
vt 0.125000 0.500000
vt 0.625000 0.250000
vt 0.875000 0.750000
vt 0.625000 1.000000
vn -0.6653 0.6571 0.3544
vn -0.5002 -0.7448 0.4418
vn -0.5542 -0.1167 -0.8242
vn 0.6653 -0.6571 -0.3544
vn 0.5542 0.1167 0.8242
vn 0.5002 0.7448 -0.4418
usemtl Material.005
s off
f 53/85/37 51/86/37 49/87/37
f 51/86/38 56/88/38 52/89/38
f 55/90/39 54/91/39 56/92/39
f 50/93/40 56/94/40 54/95/40
f 49/87/41 52/89/41 50/93/41
f 53/96/42 50/93/42 54/91/42
f 53/85/37 55/97/37 51/86/37
f 51/86/38 55/98/38 56/88/38
f 55/90/39 53/96/39 54/91/39
f 50/93/40 52/89/40 56/94/40
f 49/87/41 51/86/41 52/89/41
f 53/96/42 49/87/42 50/93/42
o Cube.004
v -0.967788 0.143541 1.190292
v -0.610610 0.076653 1.190403
v -1.030935 -0.193859 1.071030
v -0.673758 -0.260747 1.071140
v -0.945733 0.260747 0.847034
v -0.588555 0.193859 0.847144
v -1.008880 -0.076653 0.727771
v -0.651703 -0.143541 0.727882
vt 0.875000 0.500000
vt 0.625000 0.750000
vt 0.625000 0.500000
vt 0.375000 1.000000
vt 0.375000 0.750000
vt 0.625000 0.000000
vt 0.375000 0.250000
vt 0.375000 0.000000
vt 0.375000 0.500000
vt 0.125000 0.750000
vt 0.125000 0.500000
vt 0.625000 0.250000
vt 0.875000 0.750000
vt 0.625000 1.000000
vn -0.9829 0.1841 -0.0003
vn -0.1738 -0.9285 -0.3282
vn 0.0607 0.3225 -0.9446
vn 0.9829 -0.1841 0.0003
vn -0.0607 -0.3225 0.9446
vn 0.1738 0.9285 0.3282
usemtl Material.004
s off
f 61/99/43 59/100/43 57/101/43
f 59/100/44 64/102/44 60/103/44
f 63/104/45 62/105/45 64/106/45
f 58/107/46 64/108/46 62/109/46
f 57/101/47 60/103/47 58/107/47
f 61/110/48 58/107/48 62/105/48
f 61/99/43 63/111/43 59/100/43
f 59/100/44 63/112/44 64/102/44
f 63/104/45 61/110/45 62/105/45
f 58/107/46 60/103/46 64/108/46
f 57/101/47 59/100/47 60/103/47
f 61/110/48 57/101/48 58/107/48
o Cube.015
v 0.059063 0.328509 -0.216700
v 0.292774 0.008748 -0.368429
v -0.146033 0.057972 0.037533
v 0.087678 -0.261790 -0.114195
v -0.229389 0.261790 -0.520400
v 0.004322 -0.057972 -0.672128
v -0.434485 -0.008748 -0.266167
v -0.200774 -0.328509 -0.417895
vt 0.875000 0.500000
vt 0.625000 0.750000
vt 0.625000 0.500000
vt 0.375000 1.000000
vt 0.375000 0.750000
vt 0.625000 0.000000
vt 0.375000 0.250000
vt 0.375000 0.000000
vt 0.375000 0.500000
vt 0.125000 0.750000
vt 0.125000 0.500000
vt 0.625000 0.250000
vt 0.875000 0.750000
vt 0.625000 1.000000
vn -0.5510 0.7539 0.3577
vn -0.4836 -0.6379 0.5994
vn -0.6801 -0.1573 -0.7160
vn 0.5510 -0.7539 -0.3577
vn 0.6801 0.1573 0.7160
vn 0.4836 0.6379 -0.5994
usemtl Material.015
s off
f 69/113/49 67/114/49 65/115/49
f 67/114/50 72/116/50 68/117/50
f 71/118/51 70/119/51 72/120/51
f 66/121/52 72/122/52 70/123/52
f 65/115/53 68/117/53 66/121/53
f 69/124/54 66/121/54 70/119/54
f 69/113/49 71/125/49 67/114/49
f 67/114/50 71/126/50 72/116/50
f 71/118/51 69/124/51 70/119/51
f 66/121/52 68/117/52 72/122/52
f 65/115/53 67/114/53 68/117/53
f 69/124/54 65/115/54 66/121/54
o Cube.014
v 0.893843 0.158977 -0.507621
v 0.881469 -0.190284 -0.489018
v 0.916105 0.176767 -0.158808
v 0.903731 -0.172494 -0.140206
v 0.544797 0.172494 -0.486033
v 0.532422 -0.176767 -0.467431
v 0.567059 0.190284 -0.137221
v 0.554684 -0.158977 -0.118618
vt 0.875000 0.500000
vt 0.625000 0.750000
vt 0.625000 0.500000
vt 0.375000 1.000000
vt 0.375000 0.750000
vt 0.625000 0.000000
vt 0.375000 0.250000
vt 0.375000 0.000000
vt 0.375000 0.500000
vt 0.125000 0.750000
vt 0.125000 0.500000
vt 0.625000 0.250000
vt 0.875000 0.750000
vt 0.625000 1.000000
vn 0.0354 0.9980 -0.0532
vn 0.0636 0.0508 0.9967
vn -0.9973 0.0386 0.0617
vn -0.0354 -0.9980 0.0532
vn 0.9973 -0.0386 -0.0617
vn -0.0636 -0.0508 -0.9967
usemtl Material.014
s off
f 77/127/55 75/128/55 73/129/55
f 75/128/56 80/130/56 76/131/56
f 79/132/57 78/133/57 80/134/57
f 74/135/58 80/136/58 78/137/58
f 73/129/59 76/131/59 74/135/59
f 77/138/60 74/135/60 78/133/60
f 77/127/55 79/139/55 75/128/55
f 75/128/56 79/140/56 80/130/56
f 79/132/57 77/138/57 78/133/57
f 74/135/58 76/131/58 80/136/58
f 73/129/59 75/128/59 76/131/59
f 77/138/60 73/129/60 74/135/60
o Cube.013
v 0.469004 0.261845 -0.855109
v 0.561606 -0.089106 -0.945960
v 0.354584 0.144576 -0.518730
v 0.447186 -0.206375 -0.609580
v 0.125015 0.206375 -0.991455
v 0.217617 -0.144576 -1.082306
v 0.010595 0.089106 -0.655076
v 0.103197 -0.261845 -0.745926
vt 0.875000 0.500000
vt 0.625000 0.750000
vt 0.625000 0.500000
vt 0.375000 1.000000
vt 0.375000 0.750000
vt 0.625000 0.000000
vt 0.375000 0.250000
vt 0.375000 0.000000
vt 0.375000 0.500000
vt 0.125000 0.750000
vt 0.125000 0.500000
vt 0.625000 0.250000
vt 0.875000 0.750000
vt 0.625000 1.000000
vn -0.2475 0.9380 0.2428
vn -0.3058 -0.3134 0.8990
vn -0.9194 -0.1482 -0.3644
vn 0.2475 -0.9380 -0.2428
vn 0.9194 0.1482 0.3644
vn 0.3058 0.3134 -0.8990
usemtl Material.013
s off
f 85/141/61 83/142/61 81/143/61
f 83/142/62 88/144/62 84/145/62
f 87/146/63 86/147/63 88/148/63
f 82/149/64 88/150/64 86/151/64
f 81/143/65 84/145/65 82/149/65
f 85/152/66 82/149/66 86/147/66
f 85/141/61 87/153/61 83/142/61
f 83/142/62 87/154/62 88/144/62
f 87/146/63 85/152/63 86/147/63
f 82/149/64 84/145/64 88/150/64
f 81/143/65 83/142/65 84/145/65
f 85/152/66 81/143/66 82/149/66
o Cube.012
v 0.411139 0.253412 -0.297770
v 0.459630 -0.151436 -0.354397
v 0.341455 0.189036 0.102804
v 0.389946 -0.215812 0.046177
v 0.008333 0.215812 -0.373885
v 0.056824 -0.189036 -0.430512
v -0.061351 0.151436 0.026689
v -0.012860 -0.253412 -0.029938
vt 0.875000 0.500000
vt 0.625000 0.750000
vt 0.625000 0.500000
vt 0.375000 1.000000
vt 0.375000 0.750000
vt 0.625000 0.000000
vt 0.375000 0.250000
vt 0.375000 0.000000
vt 0.375000 0.500000
vt 0.125000 0.750000
vt 0.125000 0.500000
vt 0.625000 0.250000
vt 0.875000 0.750000
vt 0.625000 1.000000
vn -0.1178 0.9835 0.1376
vn -0.1693 -0.1564 0.9731
vn -0.9785 -0.0913 -0.1849
vn 0.1178 -0.9835 -0.1376
vn 0.9785 0.0913 0.1849
vn 0.1693 0.1564 -0.9731
usemtl Material.012
s off
f 93/155/67 91/156/67 89/157/67
f 91/156/68 96/158/68 92/159/68
f 95/160/69 94/161/69 96/162/69
f 90/163/70 96/164/70 94/165/70
f 89/157/71 92/159/71 90/163/71
f 93/166/72 90/163/72 94/161/72
f 93/155/67 95/167/67 91/156/67
f 91/156/68 95/168/68 96/158/68
f 95/160/69 93/166/69 94/161/69
f 90/163/70 92/159/70 96/164/70
f 89/157/71 91/156/71 92/159/71
f 93/166/72 89/157/72 90/163/72
o Cube.011
v -0.653216 0.336047 0.299328
v -0.454288 -0.024145 0.150663
v -0.848846 0.099374 0.610980
v -0.649918 -0.260818 0.462315
v -0.990217 0.260818 0.030657
v -0.791288 -0.099374 -0.118008
v -1.185846 0.024145 0.342309
v -0.986918 -0.336047 0.193644
vt 0.875000 0.500000
vt 0.625000 0.750000
vt 0.625000 0.500000
vt 0.375000 1.000000
vt 0.375000 0.750000
vt 0.625000 0.000000
vt 0.375000 0.250000
vt 0.375000 0.000000
vt 0.375000 0.500000
vt 0.125000 0.750000
vt 0.125000 0.500000
vt 0.625000 0.250000
vt 0.875000 0.750000
vt 0.625000 1.000000
vn -0.4547 0.8233 0.3398
vn -0.4471 -0.5410 0.7123
vn -0.7703 -0.1719 -0.6141
vn 0.4547 -0.8233 -0.3398
vn 0.7703 0.1719 0.6141
vn 0.4471 0.5410 -0.7123
usemtl Material.011
s off
f 101/169/73 99/170/73 97/171/73
f 99/170/74 104/172/74 100/173/74
f 103/174/75 102/175/75 104/176/75
f 98/177/76 104/178/76 102/179/76
f 97/171/77 100/173/77 98/177/77
f 101/180/78 98/177/78 102/175/78
f 101/169/73 103/181/73 99/170/73
f 99/170/74 103/182/74 104/172/74
f 103/174/75 101/180/75 102/175/75
f 98/177/76 100/173/76 104/178/76
f 97/171/77 99/170/77 100/173/77
f 101/180/78 97/171/78 98/177/78
o Cube.010
v -0.521265 -0.061680 -0.483920
v -0.565961 -0.305166 -0.217317
v -0.225711 0.067951 -0.315980
v -0.270407 -0.175534 -0.049377
v -0.728655 0.175534 -0.302044
v -0.773350 -0.067951 -0.035440
v -0.433101 0.305166 -0.134104
v -0.477797 0.061680 0.132500
vt 0.875000 0.500000
vt 0.625000 0.750000
vt 0.625000 0.500000
vt 0.375000 1.000000
vt 0.375000 0.750000
vt 0.625000 0.000000
vt 0.375000 0.250000
vt 0.375000 0.000000
vt 0.375000 0.500000
vt 0.125000 0.750000
vt 0.125000 0.500000
vt 0.625000 0.250000
vt 0.875000 0.750000
vt 0.625000 1.000000
vn 0.1229 0.6693 -0.7328
vn 0.8124 0.3563 0.4616
vn -0.5700 0.6520 0.4999
vn -0.1229 -0.6693 0.7328
vn 0.5700 -0.6520 -0.4999
vn -0.8124 -0.3563 -0.4616
usemtl Material.010
s off
f 109/183/79 107/184/79 105/185/79
f 107/184/80 112/186/80 108/187/80
f 111/188/81 110/189/81 112/190/81
f 106/191/82 112/192/82 110/193/82
f 105/185/83 108/187/83 106/191/83
f 109/194/84 106/191/84 110/189/84
f 109/183/79 111/195/79 107/184/79
f 107/184/80 111/196/80 112/186/80
f 111/188/81 109/194/81 110/189/81
f 106/191/82 108/187/82 112/192/82
f 105/185/83 107/184/83 108/187/83
f 109/194/84 105/185/84 106/191/84
o Cube.009
v -0.271073 0.024837 -0.968547
v -0.325906 -0.249688 -0.818438
v -0.099409 0.125853 -0.721098
v -0.154242 -0.148673 -0.570989
v -0.532662 0.148673 -0.837627
v -0.587495 -0.125853 -0.687518
v -0.360997 0.249688 -0.590178
v -0.415830 -0.024837 -0.440069
vt 0.875000 0.500000
vt 0.625000 0.750000
vt 0.625000 0.500000
vt 0.375000 1.000000
vt 0.375000 0.750000
vt 0.625000 0.000000
vt 0.375000 0.250000
vt 0.375000 0.000000
vt 0.375000 0.500000
vt 0.125000 0.750000
vt 0.125000 0.500000
vt 0.625000 0.250000
vt 0.875000 0.750000
vt 0.625000 1.000000
vn 0.1726 0.8642 -0.4726
vn 0.5404 0.3180 0.7790
vn -0.8235 0.3898 0.4121
vn -0.1726 -0.8642 0.4726
vn 0.8235 -0.3898 -0.4121
vn -0.5404 -0.3180 -0.7790
usemtl Material.009
s off
f 117/197/85 115/198/85 113/199/85
f 115/198/86 120/200/86 116/201/86
f 119/202/87 118/203/87 120/204/87
f 114/205/88 120/206/88 118/207/88
f 113/199/89 116/201/89 114/205/89
f 117/208/90 114/205/90 118/203/90
f 117/197/85 119/209/85 115/198/85
f 115/198/86 119/210/86 120/200/86
f 119/202/87 117/208/87 118/203/87
f 114/205/88 116/201/88 120/206/88
f 113/199/89 115/198/89 116/201/89
f 117/208/90 113/199/90 114/205/90
o Cube.008
v -0.946114 0.052498 -1.023713
v -1.002536 -0.258126 -0.889479
v -0.791296 0.149810 -0.733453
v -0.847718 -0.160814 -0.599219
v -1.247008 0.160814 -0.899537
v -1.303430 -0.149810 -0.765304
v -1.092190 0.258126 -0.609277
v -1.148612 -0.052498 -0.475044
vt 0.875000 0.500000
vt 0.625000 0.750000
vt 0.625000 0.500000
vt 0.375000 1.000000
vt 0.375000 0.750000
vt 0.625000 0.000000
vt 0.375000 0.250000
vt 0.375000 0.000000
vt 0.375000 0.500000
vt 0.125000 0.750000
vt 0.125000 0.500000
vt 0.625000 0.250000
vt 0.875000 0.750000
vt 0.625000 1.000000
vn 0.1645 0.9055 -0.3913
vn 0.4513 0.2837 0.8461
vn -0.8771 0.3157 0.3620
vn -0.1645 -0.9055 0.3913
vn 0.8771 -0.3157 -0.3620
vn -0.4513 -0.2837 -0.8461
usemtl Material.008
s off
f 125/211/91 123/212/91 121/213/91
f 123/212/92 128/214/92 124/215/92
f 127/216/93 126/217/93 128/218/93
f 122/219/94 128/220/94 126/221/94
f 121/213/95 124/215/95 122/219/95
f 125/222/96 122/219/96 126/217/96
f 125/211/91 127/223/91 123/212/91
f 123/212/92 127/224/92 128/214/92
f 127/216/93 125/222/93 126/217/93
f 122/219/94 124/215/94 128/220/94
f 121/213/95 123/212/95 124/215/95
f 125/222/96 121/213/96 122/219/96
